1.7000000e-02 1.5400000e-01
8.7000000e-02 2.9600000e-01
1.7400000e-01 3.6300000e-01
1.1100000e+00 5.3100000e-01
1.7400000e+00 2.2300000e+00
4.0900000e+00 3.5800000e+00
5.4500000e+00 3.5200000e+00
5.9600000e+00 2.4000000e+00
2.5000000e-02 2.3000000e-01
1.1100000e-01 3.5700000e-01
2.1100000e-01 3.6600000e-01
9.9900000e-01 7.7100000e-01
3.0200000e+00 2.0100000e+00
4.2800000e+00 3.2800000e+00
4.5800000e+00 2.9600000e+00
4.6800000e+00 5.1000000e+00
2.0000000e-02 1.8100000e-01
8.5000000e-02 2.6000000e-01
1.7100000e-01 3.3400000e-01
1.2900000e+00 8.7000000e-01
3.0400000e+00 3.5900000e+00
4.2900000e+00 3.4000000e+00
5.3000000e+00 3.8800000e+00
2.0000000e-02 1.8000000e-01
1.1900000e-01 2.9900000e-01
2.1000000e-01 4.2800000e-01
1.3200000e+00 1.1500000e+00
3.3400000e+00 2.8300000e+00
5.4800000e+00 4.1500000e+00
2.5000000e-02 2.3400000e-01
2.3300000e-01 5.3700000e-01
7.8300000e-01 1.4700000e+00
1.3500000e+00 2.4800000e+00
1.6900000e+00 1.4400000e+00
2.7500000e+00 1.8400000e+00
4.8300000e+00 4.8600000e+00
5.5300000e+00 6.9400000e+00
